DINOv2-base fine-tuned on FGVC-Aircraft + Wikimedia extras (20 epochs, T4 GPU)
Evaluated on FGVC-Aircraft test split (3,333 images, 100 classes)

TEST: eval_loss=1.3237, eval_accuracy=0.8455, eval_top5_accuracy=0.9703

                    precision    recall  f1-score   support

            707-320       0.79      0.94      0.86        33
            727-200       0.94      0.94      0.94        33
            737-200       0.97      0.97      0.97        34
            737-300       0.48      0.45      0.47        33
            737-400       0.61      0.76      0.68        33
            737-500       0.80      0.47      0.59        34
            737-600       0.78      0.85      0.81        33
            737-700       0.64      0.76      0.69        33
            737-800       0.54      0.59      0.56        34
            737-900       0.84      0.79      0.81        33
            747-100       0.70      0.42      0.53        33
            747-200       0.44      0.53      0.48        34
            747-300       0.70      0.64      0.67        33
            747-400       0.60      0.85      0.70        33
            757-200       0.74      0.74      0.74        34
            757-300       0.78      0.85      0.81        33
            767-200       0.73      0.82      0.77        33
            767-300       0.49      0.50      0.49        34
            767-400       0.91      0.88      0.89        33
            777-200       0.76      0.58      0.66        33
            777-300       0.80      0.97      0.88        34
             A300B4       0.66      0.88      0.75        33
               A310       0.95      0.61      0.74        33
               A318       0.93      0.82      0.88        34
               A319       0.68      0.64      0.66        33
               A320       0.61      0.58      0.59        33
               A321       0.86      0.91      0.89        34
           A330-200       0.76      0.79      0.78        33
           A330-300       0.72      0.64      0.68        33
           A340-200       0.76      0.76      0.76        34
           A340-300       0.73      0.73      0.73        33
           A340-500       0.86      0.73      0.79        33
           A340-600       0.84      0.76      0.80        34
               A380       0.89      0.76      0.82        33
             ATR-42       0.90      0.85      0.88        33
             ATR-72       0.85      0.97      0.90        34
              An-12       1.00      0.97      0.98        33
        BAE 146-200       0.88      0.70      0.78        33
        BAE 146-300       0.75      0.88      0.81        34
            BAE-125       1.00      0.94      0.97        33
    Beechcraft 1900       0.97      1.00      0.99        33
         Boeing 717       0.88      0.88      0.88        34
              C-130       0.94      1.00      0.97        33
               C-47       0.57      0.52      0.54        33
            CRJ-200       1.00      0.94      0.97        34
            CRJ-700       0.89      0.76      0.82        33
            CRJ-900       0.72      0.94      0.82        33
         Cessna 172       0.92      1.00      0.96        34
         Cessna 208       1.00      0.91      0.95        33
         Cessna 525       1.00      1.00      1.00        33
         Cessna 560       1.00      0.94      0.97        34
     Challenger 600       0.94      0.88      0.91        33
              DC-10       0.76      0.94      0.84        33
               DC-3       0.51      0.53      0.52        34
               DC-6       0.94      0.97      0.96        33
               DC-8       0.85      0.88      0.87        33
            DC-9-30       0.89      0.91      0.90        34
              DH-82       1.00      0.97      0.98        33
              DHC-1       0.94      0.97      0.96        33
              DHC-6       0.92      1.00      0.96        34
          DHC-8-100       0.89      0.97      0.93        33
          DHC-8-300       0.96      0.82      0.89        33
             DR-400       1.00      1.00      1.00        34
        Dornier 328       0.97      0.94      0.95        33
              E-170       0.88      0.91      0.90        33
              E-190       0.83      0.71      0.76        34
              E-195       0.74      0.88      0.81        33
            EMB-120       1.00      0.91      0.95        33
            ERJ 135       0.83      0.85      0.84        34
            ERJ 145       0.79      0.79      0.79        33
 Embraer Legacy 600       0.91      0.88      0.89        33
Eurofighter Typhoon       0.94      1.00      0.97        34
            F-16A/B       1.00      1.00      1.00        33
             F/A-18       1.00      0.88      0.94        33
        Falcon 2000       0.94      1.00      0.97        34
         Falcon 900       0.97      0.94      0.95        33
         Fokker 100       0.83      0.91      0.87        33
          Fokker 50       0.94      0.97      0.96        34
          Fokker 70       0.97      0.88      0.92        33
     Global Express       0.91      0.97      0.94        33
      Gulfstream IV       0.94      0.88      0.91        34
       Gulfstream V       0.89      0.94      0.91        33
            Hawk T1       0.97      0.94      0.95        33
              Il-76       0.97      0.97      0.97        34
             L-1011       0.97      0.91      0.94        33
              MD-11       0.86      0.76      0.81        33
              MD-80       0.66      0.85      0.74        34
              MD-87       0.79      0.58      0.67        33
              MD-90       0.76      0.76      0.76        33
         Metroliner       1.00      0.94      0.97        34
         Model B200       0.97      1.00      0.99        33
              PA-28       0.97      0.88      0.92        33
              SR-20       0.94      1.00      0.97        34
          Saab 2000       0.94      1.00      0.97        33
           Saab 340       1.00      0.97      0.98        33
           Spitfire       1.00      0.94      0.97        34
            Tornado       0.97      1.00      0.99        33
             Tu-134       1.00      0.97      0.98        33
             Tu-154       0.97      0.97      0.97        34
             Yak-42       0.91      0.97      0.94        33

           accuracy                           0.85      3333
          macro avg       0.85      0.85      0.84      3333
       weighted avg       0.85      0.85      0.84      3333
